1000
967 977
977 967
776 967
967 776
832 838
838 832
614 193
193 614
901 961
961 901
163 384
384 163
652 748
748 652
606 616
616 606
803 691
691 803
925 854
854 925
907 194
194 907
497 219
219 497
26 216
216 26
381 916
916 381
298 924
924 298
810 785
785 810
646 287
287 646
453 147
147 453
63 359
359 63
553 133
133 553
883 924
924 883
273 986
986 273
279 134
134 279
480 218
218 480
417 490
490 417
311 983
983 311
31 665
665 31
255 773
773 255
480 556
556 480
940 615
615 940
456 697
697 456
895 976
976 895
150 378
378 150
738 364
364 738
294 458
458 294
552 443
443 552
137 792
792 137
970 983
983 970
920 511
511 920
940 892
892 940
736 162
162 736
499 807
807 499
612 827
827 612
753 980
980 753
32 680
680 32
667 506
506 667
419 938
938 419
676 185
185 676
29 296
296 29
835 901
901 835
396 116
116 396
923 958
958 923
938 867
867 938
846 239
239 846
695 271
271 695
852 969
969 852
616 48
48 616
879 294
294 879
198 87
87 198
364 323
323 364
624 757
757 624
332 614
614 332
791 45
45 791
24 199
199 24
115 785
785 115
954 624
624 954
675 38
38 675
495 619
619 495
238 540
540 238
869 744
744 869
980 513
513 980
285 760
760 285
828 697
697 828
890 370
370 890
58 382
382 58
987 941
941 987
931 511
511 931
276 639
639 276
783 309
309 783
167 892
892 167
842 647
647 842
124 909
909 124
317 227
227 317
293 577
577 293
552 260
260 552
55 657
657 55
218 619
619 218
342 111
111 342
471 572
572 471
785 93
93 785
154 653
653 154
141 733
733 141
798 13
13 798
692 163
163 692
762 856
856 762
836 928
928 836
373 977
977 373
902 333
333 902
389 375
375 389
442 600
600 442
403 312
312 403
818 798
798 818
326 329
329 326
722 312
312 722
169 165
165 169
167 211
211 167
523 73
73 523
737 188
188 737
506 390
390 506
111 304
304 111
534 130
130 534
814 695
695 814
423 126
126 423
283 241
241 283
717 9
9 717
721 96
96 721
129 185
185 129
690 842
842 690
835 342
342 835
406 468
468 406
290 380
380 290
994 597
597 994
689 624
624 689
404 300
300 404
239 713
713 239
826 999
999 826
264 137
137 264
65 273
273 65
498 122
122 498
374 200
200 374
45 481
481 45
594 159
159 594
443 71
71 443
82 338
338 82
383 895
895 383
353 163
163 353
983 642
642 983
14 154
154 14
135 217
217 135
6 799
799 6
721 983
983 721
1 4
4 1
183 722
722 183
831 991
991 831
120 416
416 120
344 712
712 344
968 206
206 968
423 808
808 423
785 835
835 785
154 618
618 154
542 66
66 542
916 343
343 916
359 663
663 359
15 621
621 15
123 910
910 123
138 281
281 138
116 574
574 116
478 61
61 478
479 590
590 479
975 720
720 975
239 90
90 239
218 966
966 218
551 641
641 551
194 777
777 194
219 205
205 219
369 299
299 369
62 387
387 62
256 655
655 256
67 658
658 67
644 520
520 644
707 210
210 707
868 209
209 868
278 63
63 278
595 393
393 595
727 361
361 727
329 194
194 329
859 433
433 859
379 452
452 379
848 950
950 848
792 718
718 792
468 237
237 468
401 917
917 401
541 838
838 541
218 729
729 218
317 823
823 317
994 821
821 994
946 455
455 946
13 29
29 13
221 9
9 221
688 488
488 688
46 800
800 46
49 858
858 49
876 174
174 876
439 629
629 439
8 804
804 8
807 117
117 807
865 926
926 865
51 469
469 51
808 951
951 808
667 439
439 667
844 865
865 844
75 904
904 75
366 507
507 366
248 404
404 248
419 350
350 419
230 839
839 230
261 303
303 261
672 667
667 672
188 543
543 188
40 367
367 40
398 588
588 398
721 513
513 721
16 877
877 16
956 19
19 956
403 543
543 403
220 269
269 220
341 248
248 341
643 180
180 643
724 145
145 724
491 369
369 491
925 35
35 925
209 658
658 209
573 968
968 573
855 561
561 855
254 384
384 254
281 264
264 281
911 299
299 911
41 255
255 41
144 562
562 144
888 489
489 888
551 229
229 551
0 876
876 0
129 961
961 129
497 13
13 497
660 492
492 660
942 42
42 942
52 670
670 52
442 363
363 442
379 62
62 379
939 48
48 939
22 394
394 22
765 19
19 765
261 956
956 261
358 41
41 358
207 387
387 207
35 162
162 35
256 1
1 256
817 696
696 817
35 333
333 35
528 612
612 528
470 841
841 470
901 762
762 901
441 238
238 441
212 240
240 212
857 678
678 857
876 81
81 876
623 839
839 623
467 157
157 467
464 980
980 464
614 172
172 614
603 455
455 603
806 272
272 806
456 780
780 456
785 50
50 785
853 746
746 853
327 46
46 327
533 327
327 533
577 180
180 577
493 2
2 493
578 22
22 578
743 117
117 743
184 529
529 184
511 953
953 511
539 417
417 539
534 660
660 534
231 54
54 231
718 355
355 718
8 15
15 8
35 628
628 35
305 660
660 305
452 162
162 452
387 111
111 387
350 829
829 350
548 295
295 548
262 287
287 262
663 461
461 663
402 591
591 402
429 485
485 429
270 277
277 270
761 503
503 761
241 368
368 241
515 192
192 515
514 273
273 514
328 178
178 328
318 562
562 318
144 864
864 144
697 917
917 697
569 581
581 569
729 73
73 729
179 681
681 179
405 243
243 405
154 247
247 154
996 770
770 996
651 126
126 651
926 522
522 926
744 758
758 744
867 801
801 867
418 84
84 418
646 195
195 646
596 76
76 596
501 370
370 501
977 700
700 977
142 799
799 142
764 484
484 764
21 847
847 21
756 197
197 756
98 79
79 98
98 998
998 98
214 268
268 214
195 743
743 195
621 201
201 621
251 795
795 251
817 386
386 817
997 895
895 997
499 485
485 499
935 534
534 935
476 102
102 476
179 35
35 179
266 454
454 266
104 197
197 104
6 167
167 6
104 79
79 104
766 547
547 766
660 787
787 660
703 420
420 703
869 378
378 869
0 852
852 0
454 300
300 454
118 181
181 118
882 756
756 882
802 868
868 802
985 535
535 985
912 221
221 912
720 995
995 720
900 63
63 900
732 759
759 732
163 997
997 163
737 454
454 737
96 171
171 96
28 270
270 28
726 209
209 726
191 79
79 191
616 556
556 616
534 624
624 534
647 878
878 647
916 84
84 916
572 348
348 572
395 137
137 395
182 568
568 182
167 544
544 167
826 664
664 826
886 640
640 886
687 110
110 687
214 2
2 214
115 0
0 115
204 947
947 204
152 611
611 152
29 592
592 29
677 905
905 677
919 355
355 919
687 96
96 687
347 21
21 347
146 648
648 146
187 814
814 187
602 599
599 602
271 527
527 271
3 484
484 3
444 61
61 444
322 551
551 322
391 505
505 391
342 532
532 342
508 646
646 508
674 968
968 674
931 961
961 931
319 802
802 319
460 276
276 460
649 812
812 649
857 730
730 857
316 865
865 316
493 39
39 493
922 400
400 922
399 516
516 399
729 676
676 729
943 668
668 943
166 968
968 166
270 125
125 270
514 413
413 514
12 155
155 12
587 701
701 587
346 177
177 346
716 226
226 716
495 800
800 495
138 994
994 138
878 191
191 878
627 714
714 627
745 457
457 745
57 351
351 57
583 941
941 583
132 992
992 132
917 998
998 917
25 262
262 25
794 350
350 794
531 334
334 531
762 235
235 762
799 701
701 799
142 615
615 142
518 315
315 518
323 696
696 323
904 598
598 904
377 734
734 377
798 751
751 798
41 452
452 41
222 813
813 222
67 162
162 67
830 71
71 830
23 595
595 23
783 348
348 783
152 454
454 152
431 144
144 431
269 803
803 269
232 643
643 232
391 925
925 391
571 129
129 571
938 742
742 938
28 886
886 28
36 534
534 36
615 182
182 615
200 273
273 200
220 341
341 220
128 718
718 128
267 599
599 267
404 728
728 404
678 547
547 678
831 169
169 831
163 868
868 163
264 760
760 264
329 573
573 329
502 154
154 502
359 116
116 359
881 92
92 881
874 325
325 874
134 944
944 134
34 488
488 34
979 601
601 979
148 878
878 148
233 90
90 233
16 550
550 16
536 632
632 536
239 663
663 239
247 24
24 247
298 769
769 298
579 159
159 579
621 276
276 621
204 41
41 204
680 45
45 680
913 104
104 913
460 35
35 460
844 941
941 844
464 460
460 464
693 189
189 693
567 230
230 567
21 284
284 21
635 174
174 635
744 778
778 744
36 869
869 36
915 696
696 915
869 857
857 869
794 104
104 794
746 975
975 746
322 758
758 322
284 937
937 284
920 102
102 920
965 129
129 965
630 981
981 630
706 595
595 706
168 778
778 168
970 57
57 970
456 67
67 456
748 295
295 748
524 447
447 524
532 426
426 532
5 810
810 5
130 217
217 130
235 603
603 235
240 739
739 240
195 489
489 195
137 935
935 137
905 630
630 905
309 918
918 309
318 505
505 318
543 762
762 543
72 441
441 72
701 136
136 701
726 811
811 726
400 726
726 400
356 450
450 356
451 874
874 451
226 858
858 226
932 109
109 932
972 747
747 972
894 27
27 894
740 967
967 740
399 678
678 399
641 34
34 641
152 826
826 152
758 830
830 758
976 18
18 976
903 769
769 903
353 563
563 353
109 993
993 109
491 424
424 491
202 513
513 202
382 744
744 382
38 262
262 38
709 47
47 709
697 199
199 697
945 570
570 945
611 516
516 611
21 104
104 21
41 22
22 41
495 691
691 495
658 574
574 658
968 526
526 968
474 432
432 474
971 456
456 971
504 368
368 504
0 979
979 0
256 470
470 256
824 227
227 824
584 654
654 584
639 378
378 639
325 104
104 325
128 558
558 128
884 405
405 884
406 387
387 406
747 249
249 747
521 86
86 521
498 799
799 498
765 627
627 765
545 856
856 545
270 605
605 270
291 252
252 291
543 329
329 543
199 965
965 199
313 141
141 313
691 794
794 691
520 387
387 520
383 116
116 383
365 553
553 365
446 409
409 446
641 69
69 641
25 584
584 25
709 255
255 709
846 913
913 846
481 457
457 481
705 197
197 705
681 728
728 681
384 33
33 384
87 73
73 87
561 799
799 561
359 919
919 359
91 265
265 91
695 952
952 695
728 134
134 728
703 381
381 703
433 211
211 433
181 136
136 181
214 201
201 214
580 707
707 580
543 288
288 543
482 285
285 482
484 856
856 484
436 494
494 436
113 791
791 113
2 349
349 2
29 292
292 29
992 647
647 992
50 722
722 50
977 760
760 977
889 756
756 889
526 712
712 526
210 99
99 210
23 493
493 23
15 545
545 15
513 183
183 513
453 379
379 453
530 273
273 530
316 73
73 316
434 234
234 434
829 200
200 829
839 936
936 839
132 354
354 132
352 140
140 352
219 533
533 219
85 491
491 85
223 820
820 223
818 786
786 818
761 770
770 761
74 384
384 74
832 942
942 832
478 568
568 478
278 818
818 278
895 649
649 895
762 718
718 762
330 976
976 330
288 742
742 288
930 688
688 930
917 589
589 917
579 856
856 579
747 882
882 747
274 482
482 274
459 22
22 459
959 633
633 959
561 743
743 561
511 546
546 511
998 50
50 998
402 887
887 402
721 271
271 721
658 313
313 658
458 702
702 458
378 500
500 378
203 109
109 203
203 481
481 203
889 129
129 889
868 171
171 868
190 218
218 190
636 949
949 636
667 996
996 667
108 256
256 108
858 262
262 858
87 18
18 87
206 783
783 206
977 237
237 977
340 43
43 340
967 646
646 967
931 266
266 931
397 44
44 397
504 774
774 504
278 350
350 278
818 478
478 818
743 431
431 743
875 339
339 875
356 780
780 356
413 452
452 413
219 724
724 219
162 402
402 162
454 196
196 454
614 360
360 614
293 419
419 293
132 965
965 132
140 846
846 140
162 222
222 162
240 924
924 240
820 591
591 820
445 893
893 445
718 758
758 718
437 379
379 437
518 655
655 518
143 867
867 143
427 197
197 427
824 887
887 824
823 242
242 823
484 528
528 484
811 201
201 811
430 144
144 430
480 859
859 480
217 852
852 217
338 897
897 338
269 653
653 269
98 432
432 98
959 821
821 959
7 326
326 7
6 403
403 6
964 74
74 964
678 958
958 678
216 426
426 216
992 935
935 992
141 253
253 141
23 920
920 23
737 712
712 737
113 619
619 113
161 300
300 161
412 858
858 412
540 585
585 540
41 621
621 41
386 490
490 386
768 995
995 768
237 3
3 237
880 497
497 880
235 80
80 235
563 736
736 563
522 471
471 522
927 54
54 927
867 282
282 867
711 84
84 711
873 348
348 873
915 386
386 915
318 339
339 318
659 706
706 659
913 147
147 913
863 379
379 863
32 57
57 32
572 726
726 572
658 996
996 658
697 137
137 697
372 526
526 372
684 657
657 684
148 376
376 148
96 690
690 96
373 358
358 373
991 257
257 991
874 956
956 874
747 37
37 747
574 381
381 574
676 897
897 676
344 173
173 344
583 87
87 583
217 184
184 217
703 465
465 703
899 200
200 899
395 870
870 395
585 573
573 585
712 347
347 712
664 257
257 664
238 942
942 238
243 969
969 243
332 554
554 332
156 605
605 156
504 76
76 504
309 534
534 309
151 276
276 151
320 799
799 320
792 198
198 792
942 597
597 942
440 963
963 440
673 630
630 673
791 172
172 791
962 121
121 962
672 300
300 672
244 399
399 244
373 317
317 373
143 734
734 143
654 375
375 654
841 28
28 841
931 611
611 931
679 627
627 679
155 364
364 155
49 119
119 49
550 785
785 550
781 513
513 781
404 66
66 404
816 274
274 816
268 612
612 268
178 160
160 178
591 35
35 591
932 204
204 932
831 910
910 831
160 834
834 160
133 585
585 133
145 417
417 145
357 914
914 357
665 828
828 665
283 46
46 283
474 426
426 474
123 843
843 123
570 887
887 570
519 731
731 519
994 306
306 994
500 869
869 500
465 41
41 465
197 680
680 197
436 896
896 436
679 475
475 679
795 245
245 795
203 214
214 203
985 964
964 985
639 363
363 639
155 490
490 155
401 987
987 401
990 222
222 990
137 751
751 137
36 747
747 36
464 45
45 464
684 100
100 684
915 854
854 915
333 264
264 333
120 103
103 120
220 676
676 220
477 769
769 477
149 808
808 149
250 229
229 250
222 908
908 222
858 606
606 858
247 156
156 247
575 503
503 575
905 512
512 905
878 242
242 878
904 445
445 904
644 689
689 644
431 634
634 431
790 695
695 790
329 349
349 329
881 721
721 881
844 535
535 844
142 479
479 142
13 631
631 13
838 182
182 838
972 908
908 972
529 127
127 529
889 858
858 889
797 528
528 797
524 412
412 524
948 820
820 948
385 877
877 385
199 774
774 199
32 788
788 32
337 515
515 337
17 554
554 17
899 872
872 899
27 136
136 27
762 711
711 762
13 96
96 13
489 273
273 489
674 696
696 674
270 995
995 270
916 516
516 916
799 573
573 799
836 261
261 836
171 917
917 171
400 60
60 400
336 966
966 336
336 367
367 336
446 225
225 446
294 322
322 294
164 417
417 164
8 656
656 8
100 753
753 100
96 85
85 96
515 428
428 515
922 675
675 922
145 688
688 145
606 203
203 606
858 515
515 858
988 763
763 988
678 755
755 678
383 981
981 383
472 966
966 472
799 795
795 799
375 645
645 375
649 264
264 649
979 352
352 979
532 852
852 532
987 259
259 987
416 46
46 416
477 751
751 477
746 742
742 746
995 725
725 995
915 647
647 915
360 132
132 360
509 931
931 509
237 530
530 237
643 408
408 643
34 26
26 34
184 134
134 184
953 301
301 953
709 870
870 709
779 658
658 779
695 792
792 695
156 753
753 156
216 599
599 216
99 942
942 99
286 927
927 286
9 640
640 9
986 746
746 986
51 152
152 51
435 243
243 435
135 717
717 135
26 449
449 26
709 123
123 709
818 960
960 818
75 282
282 75
93 176
176 93
41 875
875 41
963 337
337 963
29 122
122 29
491 606
606 491
916 910
910 916
831 295
295 831
244 715
715 244
399 393
393 399
40 437
437 40
83 801
801 83
865 466
466 865
734 61
61 734
631 246
246 631
83 33
33 83
935 255
255 935
523 817
817 523
848 109
109 848
886 133
133 886
677 648
648 677
716 928
928 716
660 828
828 660
327 225
225 327
886 731
731 886
205 993
993 205
723 424
424 723
920 637
637 920
198 292
292 198
310 574
574 310
141 901
901 141
706 783
783 706
38 458
458 38
670 660
660 670
386 14
14 386
446 134
134 446
829 265
265 829
715 391
391 715
721 154
154 721
140 37
37 140
139 508
508 139
175 899
899 175
41 90
90 41
309 510
510 309
334 886
886 334
618 556
556 618
799 311
311 799
992 775
775 992
942 933
933 942
890 202
202 890
157 666
666 157
839 871
871 839
285 70
70 285
164 458
458 164
709 529
529 709
916 44
44 916
151 273
273 151
435 632
632 435
726 806
806 726
741 948
948 741
148 160
160 148
326 499
499 326
395 889
889 395
334 517
517 334
272 940
940 272
448 788
788 448
264 938
938 264
879 472
472 879
668 303
303 668
614 970
970 614
925 850
850 925
801 805
805 801
970 573
573 970
405 525
525 405
875 360
360 875
48 136
136 48
191 941
941 191
53 997
997 53
340 339
339 340
475 395
395 475
735 646
646 735
186 769
769 186
80 128
128 80
780 213
213 780
394 962
962 394
963 423
423 963
191 771
771 191
22 298
298 22
359 520
520 359
529 821
821 529
484 808
808 484
642 912
912 642
891 312
312 891
596 322
322 596
884 881
881 884
132 329
329 132
827 218
218 827
234 279
279 234
664 32
32 664
724 841
841 724
793 191
191 793
131 912
912 131
396 625
625 396
944 419
419 944
919 755
755 919
638 819
819 638
809 654
654 809
911 926
926 911
4 274
274 4
877 768
768 877
531 457
457 531
329 512
512 329
829 634
634 829
596 972
972 596
536 742
742 536
633 327
327 633
796 688
688 796
28 293
293 28
677 729
729 677
515 266
266 515
367 177
177 367
403 128
128 403
243 313
313 243
519 173
173 519
307 307
275 390
390 275
154 955
955 154
310 336
336 310
862 619
619 862
82 762
762 82
28 971
971 28
883 176
176 883
122 311
311 122
23 121
121 23
625 617
617 625
249 274
274 249
758 611
611 758
401 354
354 401
54 200
200 54
269 516
516 269
115 423
423 115
665 228
228 665
467 242
242 467
172 840
840 172
377 691
691 377
431 57
57 431
646 752
752 646
237 395
395 237
293 226
226 293
6 931
931 6
290 397
397 290
547 689
689 547
58 0
0 58
631 542
542 631
554 956
956 554
282 661
661 282
350 566
566 350
647 605
605 647
306 654
654 306
709 879
879 709
138 182
182 138
744 934
934 744
186 192
192 186
628 6
6 628
373 6
6 373
60 827
827 60
194 337
337 194
226 717
717 226
876 975
975 876
170 466
466 170
611 630
630 611
286 421
421 286
409 769
769 409
707 80
80 707
105 632
632 105
88 638
638 88
517 126
126 517
793 107
107 793
652 613
613 652
503 865
865 503
372 625
625 372
168 547
547 168
895 454
454 895
467 12
12 467
339 929
929 339
728 331
331 728
484 243
243 484
268 507
507 268
895 323
323 895
524 416
416 524
484 547
547 484
900 741
741 900
917 422
422 917
310 67
67 310
543 118
118 543
64 262
262 64
471 304
304 471
93 985
985 93
462 738
738 462
525 955
955 525
302 694
694 302
740 175
175 740
903 756
756 903
154 274
274 154
858 285
285 858
211 329
329 211
88 86
86 88
381 825
825 381
724 427
427 724
630 473
473 630
144 399
399 144
469 221
221 469
864 466
466 864
859 179
179 859
149 282
282 149
45 157
157 45
797 569
569 797
114 790
790 114
807 725
725 807
837 160
160 837
267 35
35 267
208 257
257 208
906 735
735 906
173 385
385 173
923 268
268 923
260 34
34 260
108 51
51 108
810 903
903 810
225 519
519 225
310 437
437 310
896 974
974 896
124 575
575 124
240 54
54 240
531 519
519 531
972 590
590 972
17 999
999 17
589 469
469 589
205 108
108 205
191 211
211 191
314 129
129 314
292 474
474 292
256 881
881 256
21 10
10 21
48 746
746 48
758 211
211 758
564 287
287 564
414 399
399 414
263 293
293 263
911 633
633 911
17 851
851 17
203 654
654 203
413 332
332 413
250 261
261 250
445 639
639 445
846 701
701 846
711 13
13 711
204 180
180 204
145 422
422 145
718 242
242 718
553 229
229 553
6 785
785 6
760 761
761 760
26 729
729 26
584 190
190 584
205 912
912 205
197 558
558 197
194 462
462 194
926 637
637 926
61 923
923 61
631 760
760 631
565 409
409 565
900 57
57 900
499 551
551 499
83 234
234 83
254 841
841 254
575 668
668 575
79 787
787 79
845 417
417 845
893 651
651 893
306 520
520 306
677 255
255 677
433 933
933 433
504 153
153 504
818 742
742 818
254 507
507 254
360 794
794 360
611 793
793 611
664 596
596 664
885 703
703 885
262 474
474 262
646 349
349 646
935 363
363 935
336 528
528 336
478 406
406 478
616 508
508 616
744 409
409 744
616 110
110 616
82 310
310 82
976 966
966 976
552 345
345 552
732 340
340 732
979 746
746 979
481 780
780 481
57 285
285 57
123 249
249 123
532 189
189 532
389 832
832 389
873 327
327 873
319 69
69 319
596 976
976 596
675 412
412 675
125 746
746 125
762 950
950 762
177 500
500 177
711 353
353 711
620 919
919 620
150 917
917 150
741 305
305 741
370 188
188 370
882 556
556 882
470 192
192 470
283 366
366 283
975 554
554 975
20 784
784 20
237 754
754 237
991 906
906 991
369 576
576 369
670 320
320 670
214 233
233 214
983 530
530 983
602 557
557 602
574 769
769 574
629 613
613 629
39 472
472 39
90 567
567 90
957 130
130 957
187 40
40 187
505 482
482 505
128 759
759 128
770 208
208 770
930 392
392 930
263 956
956 263
362 713
713 362
549 574
574 549
247 421
421 247
90 136
136 90
205 352
352 205
953 913
913 953
618 513
513 618
737 362
362 737
515 547
547 515
694 669
669 694
796 860
860 796
718 328
328 718
70 187
187 70
191 455
455 191
463 775
775 463
599 209
209 599
294 617
617 294
407 915
915 407
63 464
464 63
225 668
668 225
476 821
821 476
925 835
835 925
86 592
592 86
863 615
615 863
21 407
407 21
692 382
382 692
698 593
593 698
160 502
502 160
994 221
221 994
503 59
59 503
229 634
634 229
673 429
429 673
752 743
743 752
618 0
0 618
106 821
821 106
299 50
50 299
322 26
26 322
192 975
975 192
935 883
883 935
241 478
478 241
324 576
576 324
434 56
56 434
82 217
217 82
511 700
700 511
457 904
904 457
920 842
842 920
961 166
166 961
439 841
841 439
148 495
495 148
82 343
343 82
973 862
862 973
508 200
200 508
107 642
642 107
59 672
672 59
401 185
185 401
566 111
111 566
979 25
25 979
735 652
652 735
200 616
616 200
346 534
534 346
232 917
917 232
543 201
201 543
901 457
457 901
88 156
156 88
586 350
350 586
826 439
439 826
801 898
898 801
504 461
461 504
68 234
234 68
948 440
440 948
157 839
839 157
299 272
272 299
337 809
809 337
862 936
936 862
431 786
786 431
641 531
531 641
149 547
547 149
110 56
56 110
319 307
307 319
298 650
650 298
553 903
903 553
85 50
50 85
358 127
127 358
309 80
80 309
520 274
274 520
584 966
966 584
668 906
906 668
377 392
392 377
618 270
270 618
863 91
91 863
594 152
152 594
725 800
800 725
709 295
295 709
290 253
253 290
787 448
448 787
141 761
761 141
935 297
297 935
886 253
253 886
754 249
249 754
914 210
210 914
499 782
782 499
415 156
156 415
201 674
674 201
862 242
242 862
170 718
718 170
437 48
48 437
443 207
207 443
55 401
401 55
178 284
284 178
341 62
62 341
837 56
56 837
292 72
72 292
132 823
823 132
31 370
370 31
19 123
123 19
637 368
368 637
356 653
653 356
591 812
812 591
736 568
568 736
598 34
34 598
432 47
47 432
82 69
69 82
10 92
92 10
317 727
727 317
242 485
485 242
75 470
470 75
907 851
851 907
372 443
443 372
490 343
343 490
24 377
377 24
643 491
491 643
223 47
47 223
80 69
69 80
691 790
790 691
615 243
243 615
664 610
610 664
685 306
306 685
629 790
790 629
973 222
222 973
62 40
40 62
506 303
303 506
128 533
533 128
48 167
167 48
460 505
505 460
280 148
148 280
321 393
393 321
543 220
220 543
390 940
940 390
824 35
35 824
988 941
941 988
400 527
527 400
112 998
998 112
821 464
464 821
784 601
601 784
221 582
582 221
469 267
267 469
281 984
984 281
871 340
340 871
363 689
689 363
999 913
913 999
608 186
186 608
509 467
467 509
921 271
271 921
66 464
464 66
915 689
689 915
965 938
938 965
234 120
120 234
639 979
979 639
191 129
129 191
712 583
583 712
383 859
859 383
283 697
697 283
679 54
54 679
111 559
559 111
349 50
50 349
577 134
134 577
36 75
75 36
332 214
214 332
17 644
644 17
77 550
550 77
398 319
319 398
685 532
532 685
616 530
530 616
33 160
160 33
344 892
892 344
148 233
233 148
977 415
415 977
529 748
748 529
902 811
811 902
788 867
867 788
159 506
506 159
115 865
865 115
111 831
831 111
901 158
158 901
788 425
425 788
961 546
546 961
52 162
162 52
184 63
63 184
174 751
751 174
81 148
148 81
21 951
951 21
215 456
456 215
901 344
344 901
156 620
620 156
545 584
584 545
311 205
205 311
856 209
209 856
390 891
891 390
204 819
819 204
420 785
785 420
628 874
874 628
372 919
919 372
930 602
602 930
180 815
815 180
230 466
466 230
573 151
151 573
730 639
639 730
845 207
207 845
291 658
658 291
963 767
767 963
674 281
281 674
612 203
203 612
113 756
756 113
689 842
842 689
771 293
293 771
859 354
354 859
330 296
296 330
519 146
146 519
579 295
295 579
525 299
299 525
163 341
341 163
389 79
79 389
10 160
160 10
474 216
216 474
364 183
183 364
600 545
545 600
856 653
653 856
110 347
347 110
262 168
168 262
805 174
174 805
912 338
338 912
43 937
937 43
607 219
219 607
820 434
434 820
120 699
699 120
628 996
996 628
132 663
663 132
604 332
332 604
891 532
532 891
193 953
953 193
281 473
473 281
478 588
588 478
693 313
313 693
498 677
677 498
185 171
171 185
884 410
410 884
489 351
351 489
387 825
825 387
297 452
452 297
472 791
791 472
340 40
40 340
96 664
664 96
554 603
603 554
412 193
193 412
49 777
777 49
456 729
729 456
975 852
852 975
892 438
438 892
859 455
455 859
244 293
293 244
720 143
143 720
249 949
949 249
814 218
218 814
506 781
781 506
275 778
778 275
35 438
438 35
59 401
401 59
613 241
241 613
377 813
813 377
33 89
89 33
900 305
305 900
627 407
407 627
715 155
155 715
434 636
636 434
459 948
948 459
965 842
842 965
208 179
179 208
70 196
196 70
790 146
146 790
850 336
336 850
97 631
631 97
917 270
270 917
742 17
17 742
669 574
574 669
239 650
650 239
61 45
45 61
422 154
154 422
392 415
415 392
515 841
841 515
234 659
659 234
783 869
869 783
322 326
326 322
813 193
193 813
230 880
880 230
331 416
416 331
450 230
230 450
963 697
697 963
991 269
269 991
387 356
356 387
665 697
697 665
486 860
860 486
396 808
808 396
887 919
919 887
419 53
53 419
786 654
654 786
680 949
949 680
912 191
191 912
553 227
227 553
309 590
590 309
457 549
549 457
787 788
788 787
199 831
831 199
82 724
724 82
163 122
122 163
28 158
158 28
175 536
536 175
172 922
922 172
473 513
513 473
439 893
893 439
773 177
177 773
93 676
676 93
735 501
501 735
317 771
771 317
144 764
764 144
960 797
797 960
899 116
116 899
910 697
697 910
617 573
573 617
609 56
56 609
836 695
695 836
890 663
663 890
626 521
521 626
774 376
376 774
18 630
630 18
754 796
796 754
151 563
563 151
776 610
610 776
694 566
566 694
87 698
698 87
513 311
311 513
580 398
398 580
162 231
231 162
259 59
59 259
626 475
475 626
304 899
899 304
903 383
383 903
56 77
77 56
286 429
429 286
50 214
214 50
726 941
941 726
753 514
514 753
10 164
164 10
645 335
335 645
339 300
300 339
2 51
51 2
486 910
910 486
542 525
525 542
114 491
491 114
501 394
394 501
262 714
714 262
749 543
543 749
325 854
854 325
892 767
767 892
506 698
698 506
323 264
264 323
515 873
873 515
971 571
571 971
557 66
66 557
388 998
998 388
585 923
923 585
719 325
325 719
472 253
253 472
413 992
992 413
840 531
531 840
963 795
795 963
928 655
655 928
951 12
12 951
191 210
210 191
188 155
155 188
271 878
878 271
828 641
641 828
976 737
737 976
536 612
612 536
939 970
970 939
967 48
48 967
103 503
503 103
809 338
338 809
994 423
423 994
70 72
72 70
441 899
899 441
926 975
975 926
734 528
528 734
336 859
859 336
921 959
959 921
379 347
347 379
877 233
233 877
726 707
707 726
94 78
78 94
349 734
734 349
716 800
800 716
53 869
869 53
563 915
915 563
691 424
424 691
846 612
612 846
17 767
767 17
139 116
116 139
713 372
372 713
951 853
853 951
906 448
448 906
401 676
676 401
691 979
979 691
590 619
619 590
170 870
870 170
777 102
102 777
244 916
916 244
74 336
336 74
355 641
641 355
845 56
56 845
412 819
819 412
836 911
911 836
13 308
308 13
941 611
611 941
208 761
761 208
519 353
353 519
755 241
241 755
171 900
900 171
333 40
40 333
109 73
73 109
278 943
943 278
744 821
821 744
647 743
743 647
368 101
101 368
693 803
803 693
761 71
71 761
526 894
894 526
441 86
86 441
612 489
489 612
662 382
382 662
38 978
978 38
411 409
409 411
350 423
423 350
347 3
3 347
744 174
174 744
2 314
314 2
532 772
772 532
778 468
468 778
74 15
15 74
264 270
270 264
940 839
839 940
918 404
404 918
999 447
447 999
827 860
860 827
799 85
85 799
288 843
843 288
377 726
726 377
35 299
299 35
532 335
335 532
470 223
223 470
396 364
364 396
357 518
518 357
800 446
446 800
539 754
754 539
116 973
973 116
11 596
596 11
224 392
392 224
441 198
198 441
60 7
7 60
409 902
902 409
596 486
486 596
203 659
659 203
886 158
158 886
937 805
805 937
737 478
478 737
936 739
739 936
544 41
41 544
873 576
576 873
482 400
400 482
603 553
553 603
908 72
72 908
744 826
826 744
73 691
691 73
619 985
985 619
285 836
836 285
239 524
524 239
926 568
568 926
626 910
910 626
161 698
698 161
631 641
641 631
509 733
733 509
17 638
638 17
36 272
272 36
52 183
183 52
518 865
865 518
716 659
659 716
403 856
856 403
994 523
523 994
741 377
377 741
586 195
195 586
539 952
952 539
520 900
900 520
238 411
411 238
812 975
975 812
414 963
963 414
414 784
784 414
768 962
962 768
44 174
174 44
55 105
105 55
789 800
800 789
638 436
436 638
466 419
419 466
120 580
580 120
121 69
69 121
574 102
102 574
168 783
783 168
111 436
436 111
102 556
556 102
213 116
116 213
400 625
625 400
459 76
76 459
768 555
555 768
450 931
931 450
891 440
440 891
812 819
819 812
468 635
635 468
587 785
785 587
556 103
103 556
486 100
100 486
780 657
657 780
289 742
742 289
401 312
312 401
794 631
631 794
672 331
331 672
859 487
487 859
961 939
939 961
705 164
164 705
340 561
561 340
668 910
910 668
969 188
188 969
689 680
680 689
257 754
754 257
634 532
532 634
196 326
326 196
879 999
999 879
70 113
113 70
336 742
742 336
336 716
716 336
675 455
455 675
760 819
819 760
259 559
559 259
581 324
324 581
858 528
528 858
930 423
423 930
445 995
995 445
434 575
575 434
131 591
591 131
968 608
608 968
485 646
646 485
678 262
262 678
434 346
346 434
452 860
860 452
416 847
847 416
602 963
963 602
827 623
623 827
886 212
212 886
150 149
149 150
929 129
129 929
99 932
932 99
896 105
105 896
602 773
773 602
880 884
884 880
564 495
495 564
982 745
745 982
773 727
727 773
231 28
28 231
777 498
498 777
384 912
912 384
107 720
720 107
908 10
10 908
925 966
966 925
595 822
822 595
109 222
222 109
424 981
981 424
661 838
838 661
508 552
552 508
750 572
572 750
659 661
661 659
465 567
567 465
296 920
920 296
865 857
857 865
189 99
99 189
391 857
857 391
435 652
652 435
764 16
16 764
22 378
378 22
24 885
885 24
179 635
635 179
178 58
58 178
775 342
342 775
71 1
1 71
84 934
934 84
219 679
679 219
277 204
204 277
838 723
723 838
447 539
539 447
424 987
987 424
144 68
68 144
777 495
495 777
430 251
251 430
786 772
772 786
216 644
644 216
816 129
129 816
527 864
864 527
393 23
23 393
483 407
407 483
792 953
953 792
849 864
864 849
880 711
711 880
579 230
230 579
813 41
41 813
569 483
483 569
954 36
36 954
740 110
110 740
858 682
682 858
628 523
523 628
555 298
298 555
784 439
439 784
118 89
89 118
151 413
413 151
811 815
815 811
240 40
40 240
746 470
470 746
138 280
280 138
295 522
522 295
614 718
718 614
671 556
556 671
959 175
175 959
74 333
333 74
175 491
491 175
124 282
282 124
165 800
800 165
779 269
269 779
398 550
550 398
79 333
333 79
136 791
791 136
560 166
166 560
419 997
997 419
800 529
529 800
736 483
483 736
898 460
460 898
815 336
336 815
67 909
909 67
851 999
999 851
339 609
609 339
365 785
785 365
914 660
660 914
288 528
528 288
650 440
440 650
261 477
477 261
71 587
587 71
200 961
961 200
385 823
823 385
158 504
504 158
136 961
961 136
374 545
545 374
596 691
691 596
593 663
663 593
466 828
828 466
732 869
869 732
417 399
399 417
211 469
469 211
968 351
351 968
877 900
900 877
877 891
891 877
347 359
359 347
268 259
259 268
411 310
310 411
259 854
854 259
950 244
244 950
751 347
347 751
862 377
377 862
235 819
819 235
189 222
222 189
66 625
625 66
62 821
821 62
707 391
391 707
60 672
672 60
375 730
730 375
992 34
34 992
946 258
258 946
626 245
245 626
613 14
14 613
276 337
337 276
280 282
282 280
404 612
612 404
877 488
488 877
118 70
70 118
536 833
833 536
234 148
148 234
162 654
654 162
833 252
252 833
828 525
525 828
651 876
876 651
199 739
739 199
935 528
528 935
861 916
916 861
297 492
492 297
720 617
617 720
763 220
220 763
543 851
851 543
942 784
784 942
221 449
449 221
944 219
219 944
273 990
990 273
135 542
542 135
495 844
844 495
872 291
291 872
424 374
374 424
416 88
88 416
362 399
399 362
137 540
540 137
347 875
875 347
750 960
960 750
190 625
625 190
349 919
919 349
69 14
14 69
605 310
310 605
712 48
48 712
31 379
379 31
581 432
432 581
603 209
209 603
603 393
393 603
32 17
17 32
44 5
5 44
68 345
345 68
201 675
675 201
857 143
143 857
714 401
401 714
437 345
345 437
699 983
983 699
28 647
647 28
640 216
216 640
472 481
481 472
238 561
561 238
579 376
376 579
342 37
37 342
506 930
930 506
795 928
928 795
937 954
954 937
842 733
733 842
916 185
185 916
557 3
3 557
718 393
393 718
157 462
462 157
596 310
310 596
611 685
685 611
679 598
598 679
403 956
956 403
568 386
386 568
920 551
551 920
778 482
482 778
426 691
691 426
2 163
163 2
169 926
926 169
347 785
785 347
464 482
482 464
503 965
965 503
66 843
843 66
90 636
636 90
498 78
78 498
324 776
776 324
965 268
268 965
764 657
657 764
357 908
908 357
527 839
839 527
359 550
550 359
33 290
290 33
954 434
434 954
758 865
865 758
0 554
554 0
224 230
230 224
114 810
810 114
846 128
128 846
182 713
713 182
531 559
559 531
866 932
932 866
888 842
842 888
227 2
2 227
516 157
157 516
927 345
345 927
806 261
261 806
399 507
507 399
425 913
913 425
449 212
212 449
11 632
632 11
84 224
224 84
635 943
943 635
853 93
93 853
661 155
155 661
422 635
635 422
474 643
643 474
376 967
967 376
973 427
427 973
662 190
190 662
63 952
952 63
917 601
601 917
938 655
655 938
748 963
963 748
830 606
606 830
385 933
933 385
679 969
969 679
702 898
898 702
474 641
641 474
297 944
944 297
988 133
133 988
340 361
361 340
735 291
291 735
870 162
162 870
884 432
432 884
534 998
998 534
251 258
258 251
149 59
59 149
715 483
483 715
286 980
980 286
195 890
890 195
262 54
54 262
769 488
488 769
955 505
505 955
941 478
478 941
492 331
331 492
129 717
717 129
201 929
929 201
611 555
555 611
866 646
646 866
784 586
586 784
79 398
398 79
72 386
386 72
681 420
420 681
820 642
642 820
183 991
991 183
355 317
317 355
748 98
98 748
871 285
285 871
591 246
246 591
336 365
365 336
221 405
405 221
939 203
203 939
868 533
533 868
56 219
219 56
447 159
159 447
617 640
640 617
195 609
609 195
811 864
864 811
982 382
382 982
807 534
534 807
685 298
298 685
295 501
501 295
968 103
103 968
58 325
325 58
963 619
619 963
310 419
419 310
364 673
673 364
458 869
869 458
518 147
147 518
364 600
600 364
195 23
23 195
374 715
715 374
121 139
139 121
287 6
6 287
303 208
208 303
439 801
801 439
680 922
922 680
110 438
438 110
227 56
56 227
565 953
953 565
161 122
122 161
195 997
997 195
329 776
776 329
244 138
138 244
405 113
113 405
864 659
659 864
170 84
84 170
103 271
271 103
127 260
260 127
690 829
829 690
816 51
51 816
22 755
755 22
180 508
508 180
738 442
442 738
562 20
20 562
642 462
462 642
582 410
410 582
439 72
72 439
827 376
376 827
385 345
345 385
895 149
149 895
600 189
189 600
344 779
779 344
630 595
595 630
819 838
838 819
310 966
966 310
365 735
735 365
137 109
109 137
99 440
440 99
816 820
820 816
37 802
802 37
575 385
385 575
471 402
402 471
76 759
759 76
645 30
30 645
443 750
750 443
874 345
345 874
934 667
667 934
451 832
832 451
410 401
401 410
878 142
142 878
622 723
723 622
709 675
675 709
96 846
846 96
273 329
329 273
973 387
387 973
560 564
564 560
307 92
92 307
573 215
215 573
718 941
941 718
703 870
870 703
950 788
788 950
395 560
560 395
92 19
19 92
801 470
470 801
657 267
267 657
29 415
415 29
942 895
895 942
179 852
852 179
675 795
795 675
305 229
229 305
485 315
315 485
57 56
56 57
189 309
309 189
38 841
841 38
93 235
235 93
114 468
468 114
697 7
7 697
192 834
834 192
328 149
149 328
583 77
77 583
45 803
803 45
671 706
706 671
357 145
145 357
622 412
412 622
913 721
721 913
540 922
922 540
636 473
473 636
385 635
635 385
731 338
338 731
370 782
782 370
980 960
960 980
376 421
421 376
152 561
561 152
717 935
935 717
702 345
345 702
523 525
525 523
212 228
228 212
184 682
682 184
643 351
351 643
699 44
44 699
687 626
626 687
927 372
372 927
695 191
191 695
832 224
224 832
622 556
556 622
102 989
989 102
779 801
801 779
96 84
84 96
427 250
250 427
553 796
796 553
427 687
687 427
709 568
568 709
197 14
14 197
709 407
407 709
288 702
702 288
991 380
380 991
639 325
325 639
94 354
354 94
33 3
3 33
726 961
961 726
728 492
492 728
312 145
145 312
242 534
534 242
746 411
411 746
132 100
100 132
254 393
393 254
797 902
902 797
616 0
0 616
917 359
359 917
175 681
681 175
481 424
424 481
935 919
919 935
565 722
722 565
350 453
453 350
706 741
741 706
51 423
423 51
523 592
592 523
67 935
935 67
374 563
563 374
325 663
663 325
268 298
298 268
275 188
188 275
448 598
598 448
582 736
736 582
709 94
94 709
437 673
673 437
827 44
44 827
479 303
303 479
557 393
393 557
580 520
520 580
183 293
293 183
704 390
390 704
48 830
830 48
869 205
205 869
835 681
681 835
625 353
353 625
33 512
512 33
413 183
183 413
149 747
747 149
471 966
966 471
139 614
614 139
744 612
612 744
304 377
377 304
596 479
479 596
113 764
764 113
377 981
981 377
982 805
805 982
479 975
975 479
593 885
885 593
139 617
617 139
729 376
376 729
901 27
27 901
468 83
83 468
640 315
315 640
631 295
295 631
154 810
810 154
922 614
614 922
380 569
569 380
549 92
92 549
86 671
671 86
234 390
390 234
92 70
70 92
303 644
644 303
370 227
227 370
32 438
438 32
590 264
264 590
607 853
853 607
237 763
763 237
712 716
716 712
143 220
220 143
736 280
280 736
848 817
817 848
610 567
567 610
58 368
368 58
425 910
910 425
425 500
500 425
798 468
468 798
382 339
339 382
284 830
830 284
724 823
823 724
713 413
413 713
282 192
192 282
705 890
890 705
202 68
68 202
376 616
616 376
856 832
832 856
948 865
865 948
934 954
954 934
541 274
274 541
460 736
736 460
586 2
2 586
802 122
122 802
12 89
89 12
465 139
139 465
471 898
898 471
478 882
882 478
992 319
319 992
507 323
323 507
998 655
655 998
112 720
720 112
364 990
990 364
991 808
808 991
53 593
593 53
551 932
932 551
533 428
428 533
797 9
9 797
369 987
987 369
237 710
710 237
610 159
159 610
180 616
616 180
424 63
63 424
597 478
478 597
138 974
974 138
840 629
629 840
358 610
610 358
955 886
886 955
162 740
740 162
371 595
595 371
10 993
993 10
69 419
419 69
537 532
532 537
605 43
43 605
101 469
469 101
512 4
4 512
82 796
796 82
712 838
838 712
475 496
496 475
295 301
301 295
393 513
513 393
670 78
78 670
752 922
922 752
574 922
922 574
472 910
910 472
846 629
629 846
616 641
641 616
700 617
617 700
89 761
761 89
78 892
892 78
457 553
553 457
377 668
668 377
462 836
836 462
546 562
562 546
897 116
116 897
411 666
666 411
445 69
69 445
202 497
497 202
323 990
990 323
666 615
615 666
958 682
682 958
570 190
190 570
623 883
883 623
387 440
440 387
96 95
95 96
748 713
713 748
417 402
402 417
843 839
839 843
135 1
1 135
616 916
916 616
375 11
11 375
24 355
355 24
498 179
179 498
183 546
546 183
438 202
202 438
293 99
99 293
94 463
463 94
934 774
774 934
983 186
186 983
45 579
579 45
448 106
106 448
466 802
802 466
367 697
697 367
248 43
43 248
225 363
363 225
361 321
321 361
374 750
750 374
239 946
946 239
658 215
215 658
691 443
443 691
699 841
841 699
1 893
893 1
802 649
649 802
619 954
954 619
467 69
69 467
855 949
949 855
956 37
37 956
467 269
269 467
545 222
222 545
987 801
801 987
930 140
140 930
320 74
74 320
840 972
972 840
724 343
343 724
223 988
988 223
116 768
768 116
494 602
602 494
880 607
607 880
104 572
572 104
999 718
718 999
77 294
294 77
575 156
156 575
508 412
412 508
364 337
337 364
283 969
969 283
401 435
435 401
227 890
890 227
512 558
558 512
520 927
927 520
53 830
830 53
924 275
275 924
730 479
479 730
952 87
87 952
454 354
354 454
157 860
860 157
165 972
972 165
223 269
269 223
723 636
636 723
565 164
164 565
566 427
427 566
607 387
387 607
60 254
254 60
587 681
681 587
540 604
604 540
89 321
321 89
87 176
176 87
519 169
169 519
793 801
801 793
563 96
96 563
204 420
420 204
958 10
10 958
180 422
422 180
803 428
428 803
212 957
957 212
166 875
875 166
993 356
356 993
360 625
625 360
223 536
536 223
215 476
476 215
891 270
270 891
546 849
849 546
264 835
835 264
772 988
988 772
453 53
53 453
475 921
921 475
73 468
468 73
959 146
146 959
468 596
596 468
207 637
637 207
450 158
158 450
469 583
583 469
437 214
214 437
328 731
731 328
816 893
893 816
946 256
256 946
586 86
86 586
204 933
933 204
873 109
109 873
746 344
344 746
650 815
815 650
974 158
158 974
481 245
245 481
802 524
524 802
396 214
214 396
157 626
626 157
329 577
577 329
25 733
733 25
801 963
963 801
411 50
50 411
506 41
41 506
172 560
560 172
107 219
219 107
334 986
986 334
264 26
26 264
272 359
359 272
850 862
862 850
987 635
635 987
183 310
310 183
101 192
192 101
412 804
804 412
335 602
602 335
736 319
319 736
927 8
8 927
61 471
471 61
131 909
909 131
697 696
696 697
838 608
608 838
643 414
414 643
51 262
262 51
910 815
815 910
260 369
369 260
941 797
797 941
776 466
466 776
590 390
390 590
549 490
490 549
862 219
219 862
637 702
702 637
706 569
569 706
823 787
787 823
291 326
326 291
925 792
792 925
894 363
363 894
662 153
153 662
24 379
379 24
992 768
768 992
259 838
838 259
281 596
596 281
543 965
965 543
661 938
938 661
542 461
461 542
418 670
670 418
921 641
641 921
47 477
477 47
58 136
136 58
901 73
73 901
590 263
263 590
970 584
584 970
890 467
467 890
474 578
578 474
135 622
622 135
441 211
211 441
398 780
780 398
231 24
24 231
937 41
41 937
158 741
741 158
908 884
884 908
244 830
830 244
907 254
254 907
871 253
253 871
316 184
184 316
95 888
888 95
477 918
918 477
177 995
995 177
867 697
697 867
706 76
76 706
490 83
83 490
803 920
920 803
19 207
207 19
272 140
140 272
409 22
22 409
539 17
17 539
977 160
160 977
164 706
706 164
19 140
140 19
677 635
635 677
596 221
221 596
261 950
950 261
527 553
553 527
734 479
479 734
602 235
235 602
156 240
240 156
335 82
82 335
250 825
825 250
81 324
324 81
810 699
699 810
981 730
730 981
843 293
293 843
644 78
78 644
910 316
316 910
754 471
471 754
976 726
726 976
20 70
70 20
479 269
269 479
821 852
852 821
393 466
466 393
473 793
793 473
537 174
174 537
865 298
298 865
682 895
895 682
910 339
339 910
624 694
694 624
329 977
977 329
653 865
865 653
377 968
968 377
306 448
448 306
642 417
417 642
725 130
130 725
258 429
429 258
220 264
264 220
602 980
980 602
4 228
228 4
931 344
344 931
226 188
188 226
192 669
669 192
427 345
345 427
396 15
15 396
405 414
414 405
847 282
282 847
397 42
42 397
416 614
614 416
892 852
852 892
546 944
944 546
823 55
55 823
68 407
407 68
915 436
436 915
78 417
417 78
292 930
930 292
335 395
395 335
763 985
985 763
751 465
465 751
672 707
707 672
541 960
960 541
52 627
627 52
12 310
310 12
283 976
976 283
32 177
177 32
848 988
988 848
87 151
151 87
682 986
986 682
521 170
170 521
119 785
785 119
754 991
991 754
267 978
978 267
722 475
475 722
79 451
451 79
518 412
412 518
291 950
950 291
941 185
185 941
311 585
585 311
892 196
196 892
43 757
757 43
123 938
938 123
403 900
900 403
569 304
304 569
842 183
183 842
713 777
777 713
463 580
580 463
345 887
887 345
952 549
549 952
693 73
73 693
904 537
537 904
231 831
831 231
458 620
620 458
886 897
897 886
46 902
902 46
840 96
96 840
94 325
325 94
127 362
362 127
662 815
815 662
588 366
366 588
409 418
418 409
632 896
896 632
738 741
741 738
948 710
710 948
605 54
54 605
232 761
761 232
892 818
818 892
291 506
506 291
526 291
291 526
480 782
782 480
14 672
672 14
257 939
939 257
342 616
616 342
682 138
138 682
453 983
983 453
225 136
136 225
961 326
326 961
664 485
485 664
904 334
334 904
93 717
717 93
672 175
175 672
292 992
992 292
669 78
78 669
203 275
275 203
33 620
620 33
835 370
370 835
335 805
805 335
352 737
737 352
160 693
693 160
553 122
122 553
58 809
809 58
256 621
621 256
828 95
95 828
800 566
566 800
153 805
805 153
601 192
192 601
198 762
762 198
110 838
838 110
380 265
265 380
269 264
264 269
412 406
406 412
105 832
832 105
148 854
854 148
801 155
155 801
973 927
927 973
325 211
211 325
781 970
970 781
658 863
863 658
918 670
670 918
163 574
574 163
277 637
637 277
121 227
227 121
19 643
643 19
171 572
572 171
695 513
513 695
357 895
895 357
423 288
288 423
709 651
651 709
703 423
423 703
473 974
974 473
294 644
644 294
592 226
226 592
480 390
390 480
410 227
227 410
104 247
247 104
920 709
709 920
101 695
695 101
986 775
775 986
285 878
878 285
813 505
505 813
682 228
228 682
460 460
570 429
429 570
787 493
493 787
261 7
7 261
159 494
494 159
197 189
189 197
280 633
633 280
44 895
895 44
746 628
628 746
232 944
944 232
468 448
448 468
593 647
647 593
794 727
727 794
301 934
934 301
366 825
825 366
609 967
967 609
291 65
65 291
184 132
132 184
656 50
50 656
602 917
917 602
966 96
96 966
87 425
425 87
511 911
911 511
415 353
353 415
731 389
389 731
131 185
185 131
272 738
738 272
759 11
11 759
867 922
922 867
635 59
59 635
191 327
327 191
640 333
333 640
884 229
229 884
897 214
214 897
448 912
912 448
238 695
695 238
25 315
315 25
977 371
371 977
360 168
168 360
135 882
882 135
312 948
948 312
202 976
976 202
693 424
424 693
694 553
553 694
305 172
172 305
264 733
733 264
415 542
542 415
726 639
639 726
455 753
753 455
540 282
282 540
13 200
200 13
905 819
819 905
151 436
436 151
160 957
957 160
760 388
388 760
650 699
699 650
786 752
752 786
747 243
243 747
124 664
664 124
640 460
460 640
534 344
344 534
908 275
275 908
647 504
504 647
280 482
482 280
589 338
338 589
915 607
607 915
627 853
853 627
868 111
111 868
42 383
383 42
825 257
257 825
264 737
737 264
792 917
917 792
522 565
565 522
947 662
662 947
795 483
483 795
514 791
791 514
113 79
79 113
747 669
669 747
292 629
629 292
172 646
646 172
155 677
677 155
368 421
421 368
472 43
43 472
71 933
933 71
884 635
635 884
200 741
741 200
838 383
383 838
196 797
797 196
551 990
990 551
753 81
81 753
557 618
618 557
687 105
105 687
823 124
124 823
493 547
547 493
106 199
199 106
211 178
178 211
101 587
587 101
369 370
370 369
445 478
478 445
494 13
13 494
778 160
160 778
282 773
773 282
952 729
729 952
883 949
949 883
117 301
301 117
876 90
90 876
89 537
537 89
990 262
262 990
598 348
348 598
549 523
523 549
826 685
685 826
815 787
787 815
529 659
659 529
281 609
609 281
428 181
181 428
544 275
275 544
587 543
543 587
840 526
526 840
823 50
50 823
171 763
763 171
664 157
157 664
81 517
517 81
536 120
120 536
89 564
564 89
597 106
106 597
772 97
97 772
928 970
970 928
187 93
93 187
344 494
494 344
243 293
293 243
448 274
274 448
521 936
936 521
756 601
601 756
503 545
545 503
697 463
463 697
438 547
547 438
177 786
786 177
859 669
669 859
603 297
297 603
251 409
409 251
569 717
717 569
12 321
321 12
408 447
447 408
346 616
616 346
356 747
747 356
182 329
329 182
806 877
877 806
315 390
390 315
636 145
145 636
761 934
934 761
616 544
544 616
866 133
133 866
667 224
224 667
920 142
142 920
111 517
517 111
489 46
46 489
242 834
834 242
723 731
731 723
262 199
199 262
528 309
309 528
254 887
887 254
189 950
950 189
280 109
109 280
741 299
299 741
470 468
468 470
33 458
458 33
536 317
317 536
792 25
25 792
850 878
878 850
654 183
183 654
527 204
204 527
504 838
838 504
257 135
135 257
86 971
971 86
154 583
583 154
127 436
436 127
616 451
451 616
679 729
729 679
355 916
916 355
853 557
557 853
483 621
621 483
671 642
642 671
484 31
31 484
509 925
925 509
41 697
697 41
881 384
384 881
544 344
344 544
782 50
50 782
382 350
350 382
693 145
145 693
23 769
769 23
144 887
887 144
341 596
596 341
841 84
84 841
637 63
63 637
669 933
933 669
24 96
96 24
700 905
905 700
532 862
862 532
354 226
226 354
625 160
160 625
929 456
456 929
702 743
743 702
891 271
271 891
669 629
629 669
347 4
4 347
223 708
708 223
534 713
713 534
476 784
784 476
301 887
887 301
189 425
425 189
288 978
978 288
28 947
947 28
359 448
448 359
644 876
876 644
517 520
520 517
996 466
466 996
519 862
862 519
839 687
687 839
184 597
597 184
704 569
569 704
415 7
7 415
716 665
665 716
710 316
316 710
561 986
986 561
428 748
748 428
560 466
466 560
36 200
200 36
872 951
951 872
428 754
754 428
384 443
443 384
627 793
793 627
112 826
826 112
8 756
756 8
188 671
671 188
873 789
789 873
599 704
704 599
183 620
620 183
9 281
281 9
262 362
362 262
237 42
42 237
886 658
658 886
447 769
769 447
959 530
530 959
430 318
318 430
990 888
888 990
259 430
430 259
213 261
261 213
942 621
621 942
895 889
889 895
656 953
953 656
128 890
890 128
112 639
639 112
148 856
856 148
283 416
416 283
190 591
591 190
688 65
65 688
516 341
341 516
556 969
969 556
346 343
343 346
867 477
477 867
326 869
869 326
681 984
984 681
530 169
169 530
490 921
921 490
678 388
388 678
385 373
373 385
706 284
284 706
914 996
996 914
545 807
807 545
620 102
102 620
247 14
14 247
128 398
398 128
200 193
193 200
913 871
871 913
704 973
973 704
275 552
552 275
21 179
179 21
627 258
258 627
208 128
128 208
109 979
979 109
365 361
361 365
738 802
802 738
205 315
315 205
359 232
232 359
426 560
560 426
423 538
538 423
722 764
764 722
230 311
311 230
741 282
282 741
784 336
336 784
255 619
619 255
217 704
704 217
112 833
833 112
351 526
526 351
657 656
656 657
787 416
416 787
697 641
641 697
737 885
885 737
276 325
325 276
193 885
885 193
833 681
681 833
444 143
143 444
549 736
736 549
829 257
257 829
948 315
315 948
516 925
925 516
344 772
772 344
723 746
746 723
143 33
33 143
689 371
371 689
963 832
832 963
575 770
770 575
772 7
7 772
840 80
80 840
27 344
344 27
35 415
415 35
89 898
898 89
503 574
574 503
174 73
73 174
155 376
376 155
4 94
94 4
578 341
341 578
139 861
861 139
72 924
924 72
918 990
990 918
742 243
243 742
636 821
821 636
922 0
0 922
106 674
674 106
370 541
541 370
895 748
748 895
230 603
603 230
279 100
100 279
836 445
445 836
269 149
149 269
572 69
69 572
877 313
313 877
367 869
869 367
254 233
233 254
630 910
910 630
934 916
916 934
162 36
36 162
602 792
792 602
779 267
267 779
976 502
502 976
468 499
499 468
702 613
613 702
480 255
255 480
864 974
974 864
61 39
39 61
25 627
627 25
655 768
768 655
418 672
672 418
365 322
322 365
454 52
52 454
746 872
872 746
44 460
460 44
607 979
979 607
585 193
193 585
0 487
487 0
320 569
569 320
468 767
767 468
680 72
72 680
367 263
263 367
833 111
111 833
5 279
279 5
171 591
591 171
885 306
306 885
260 393
393 260
618 930
930 618
426 457
457 426
812 923
923 812
755 595
595 755
455 242
242 455
6 500
500 6
669 670
670 669
974 574
574 974
718 455
455 718
158 887
887 158
87 345
345 87
305 102
102 305
489 342
342 489
47 467
467 47
700 452
452 700
574 300
300 574
718 191
191 718
575 70
70 575
60 863
863 60
756 544
544 756
12 85
85 12
616 124
124 616
257 332
332 257
442 334
334 442
305 597
597 305
872 429
429 872
148 373
373 148
305 272
272 305
625 324
324 625
967 470
470 967
876 287
287 876
895 2
2 895
668 705
705 668
782 477
477 782
94 904
904 94
513 854
854 513
699 614
614 699
875 2
2 875
728 180
180 728
844 157
157 844
900 712
712 900
162 102
102 162
580 144
144 580
152 345
345 152
885 303
303 885
444 736
736 444
895 286
286 895
668 724
724 668
190 614
614 190
455 551
551 455
549 964
964 549
240 401
401 240
83 18
18 83
730 533
533 730
498 303
303 498
543 444
444 543
479 810
810 479
569 163
163 569
125 792
792 125
422 524
524 422
553 437
437 553
592 791
791 592
459 777
777 459
959 413
413 959
945 150
150 945
812 114
114 812
725 293
293 725
607 936
936 607
472 761
761 472
18 562
562 18
413 618
618 413
846 582
582 846
759 999
999 759
256 85
85 256
716 505
505 716
598 397
397 598
191 931
931 191
372 448
448 372
941 306
306 941
58 317
317 58
588 347
347 588
490 428
428 490
719 186
186 719
203 633
633 203
690 364
364 690
773 860
860 773
110 934
934 110
590 9
9 590
31 460
460 31
521 873
873 521
696 440
440 696
551 414
414 551
923 793
793 923
294 494
494 294
564 23
23 564
820 712
712 820
503 96
96 503
30 498
498 30
91 331
331 91
279 70
70 279
882 82
82 882
814 234
234 814
624 330
330 624
820 63
63 820
522 362
362 522
417 480
480 417
784 185
185 784
620 147
147 620
796 76
76 796
505 925
925 505
891 708
708 891
69 666
666 69
544 60
60 544
357 13
13 357
904 91
91 904
917 700
700 917
180 451
451 180
991 614
614 991
625 317
317 625
790 592
592 790
972 230
230 972
972 201
201 972
606 339
339 606
927 318
318 927
476 882
882 476
702 15
15 702
825 354
354 825
178 173
173 178
13 148
148 13
690 563
563 690
973 807
807 973
159 430
430 159
444 716
716 444
300 333
333 300
193 6
6 193
522 479
479 522
285 913
913 285
952 660
660 952
735 867
867 735
59 205
205 59
132 39
39 132
537 21
21 537
389 902
902 389
875 826
826 875
272 817
817 272
600 477
477 600
627 226
226 627
619 165
165 619
71 542
542 71
757 889
889 757
38 594
594 38
124 469
469 124
359 223
223 359
729 912
912 729
401 518
518 401
438 146
146 438
88 485
485 88
430 933
933 430
269 137
137 269
41 541
541 41
841 473
473 841
61 375
375 61
406 45
45 406
851 58
58 851
293 786
786 293
589 193
193 589
109 170
170 109
166 538
538 166
915 68
68 915
662 165
165 662
172 963
963 172
424 754
754 424
388 142
142 388
796 685
685 796
896 933
933 896
501 215
215 501
47 564
564 47
533 748
748 533
63 314
314 63
371 670
670 371
618 614
614 618
928 244
244 928
36 917
917 36
318 891
891 318
18 201
201 18
475 875
875 475
369 878
878 369
49 306
306 49
996 952
952 996
656 709
709 656
262 608
608 262
890 656
656 890
692 894
894 692
122 601
601 122
5 166
166 5
794 501
501 794
344 810
810 344
826 134
134 826
416 471
471 416
823 904
904 823
667 695
695 667
457 625
625 457
846 168
168 846
515 226
226 515
752 110
110 752
658 661
661 658
408 9
9 408
724 272
272 724
552 142
142 552
795 717
717 795
886 851
851 886
196 127
127 196
80 867
867 80
533 239
239 533
480 861
861 480
535 185
185 535
886 358
358 886
940 194
194 940
198 66
66 198
47 954
954 47
85 778
778 85
414 893
893 414
689 132
132 689
93 335
335 93
85 553
553 85
582 274
274 582
675 105
105 675
18 815
815 18
499 329
329 499
545 978
978 545
634 276
276 634
746 890
890 746
575 473
473 575
774 49
49 774
69 530
530 69
73 486
486 73
94 840
840 94
632 107
107 632
437 302
302 437
438 948
948 438
773 198
198 773
153 926
926 153
279 261
261 279
509 780
780 509
339 125
125 339
695 868
868 695
521 69
69 521
319 808
808 319
32 523
523 32
318 216
216 318
357 43
43 357
265 555
555 265
479 96
96 479
179 834
834 179
473 911
911 473
377 196
196 377
891 596
596 891
205 435
435 205
123 819
819 123
611 313
313 611
963 994
994 963
710 944
944 710
834 205
205 834
964 25
25 964
521 823
823 521
74 914
914 74
983 222
222 983
590 729
729 590
933 598
598 933
447 183
183 447
81 674
674 81
307 428
428 307
747 498
498 747
977 924
924 977
863 883
883 863
685 213
213 685
912 4
4 912
252 363
363 252
333 321
321 333
720 274
274 720
131 154
154 131
313 650
650 313
836 463
463 836
212 668
668 212
6 475
475 6
502 524
524 502
372 427
427 372
232 289
289 232
686 281
281 686
197 336
336 197
227 40
40 227
161 638
638 161
138 861
861 138
1 979
979 1
970 226
226 970
395 611
611 395
878 172
172 878
51 927
927 51
360 656
656 360
592 283
283 592
285 308
308 285
917 388
388 917
380 160
160 380
840 484
484 840
772 962
962 772
676 52
52 676
124 383
383 124
46 91
91 46
992 675
675 992
511 975
975 511
462 233
233 462
698 779
779 698
79 891
891 79
646 199
199 646
375 304
304 375
928 30
30 928
689 913
913 689
51 919
919 51
122 773
773 122
257 977
977 257
20 516
516 20
206 7
7 206
549 343
343 549
487 494
494 487
125 960
960 125
935 685
685 935
144 616
616 144
821 51
51 821
609 138
138 609
308 489
489 308
514 640
640 514
109 468
468 109
33 646
646 33
362 210
210 362
332 127
127 332
968 218
218 968
417 534
534 417
954 945
945 954
26 691
691 26
230 736
736 230
404 152
152 404
73 415
415 73
368 243
243 368
885 72
72 885
92 999
999 92
309 984
984 309
465 767
767 465
463 380
380 463
407 738
738 407
973 902
902 973
980 276
276 980
161 998
998 161
992 716
716 992
267 610
610 267
662 875
875 662
25 918
918 25
907 571
571 907
85 361
361 85
99 790
790 99
761 290
290 761
118 333
333 118
818 984
984 818
753 650
650 753
70 573
573 70
538 287
287 538
717 327
327 717
755 127
127 755
990 75
75 990
423 651
651 423
975 274
274 975
409 217
217 409
974 390
390 974
76 893
893 76
682 101
101 682
813 713
713 813
639 182
182 639
141 690
690 141
157 828
828 157
180 7
7 180
963 617
617 963
539 88
88 539
336 737
737 336
201 580
580 201
816 957
957 816
371 491
491 371
270 447
447 270
815 487
487 815
880 901
901 880
358 427
427 358
907 860
860 907
968 968
760 825
825 760
648 534
534 648
186 65
65 186
970 162
162 970
895 415
415 895
688 357
357 688
734 320
320 734
880 237
237 880
189 495
495 189
77 724
724 77
730 322
322 730
442 191
191 442
367 653
653 367
809 256
256 809
469 752
752 469
99 102
102 99
649 570
570 649
328 511
511 328
88 666
666 88
394 750
750 394
987 209
209 987
595 855
855 595
758 457
457 758
752 560
560 752
20 121
121 20
238 412
412 238
783 243
243 783
238 438
438 238
382 457
457 382
167 532
532 167
255 713
713 255
692 142
142 692
315 586
586 315
708 163
163 708
992 369
369 992
148 523
523 148
101 326
326 101
737 521
521 737
726 586
586 726
432 909
909 432
901 249
249 901
236 347
347 236
513 687
687 513
319 405
405 319
332 890
890 332
128 630
630 128
498 862
862 498
494 273
273 494
516 453
453 516
539 172
172 539
748 588
588 748
567 651
651 567
972 715
715 972
310 456
456 310
506 717
717 506
711 796
796 711
24 257
257 24
630 6
6 630
477 345
345 477
628 627
627 628
266 302
302 266
831 101
101 831
240 518
518 240
24 239
239 24
831 463
463 831
5 273
273 5
46 260
260 46
160 312
312 160
681 584
584 681
374 798
798 374
899 615
615 899
178 332
332 178
606 241
241 606
231 488
488 231
796 171
171 796
824 912
912 824
905 446
446 905
757 466
466 757
410 454
454 410
690 71
71 690
624 43
43 624
712 438
438 712
749 764
764 749
96 318
318 96
324 892
892 324
970 830
830 970
250 403
403 250
403 215
215 403
922 908
908 922
911 783
783 911
7 343
343 7
666 833
833 666
449 134
134 449
354 714
714 354
554 215
215 554
174 919
919 174
108 305
305 108
238 856
856 238
903 740
740 903
583 841
841 583
144 912
912 144
163 904
904 163
200 994
994 200
661 502
502 661
42 541
541 42
543 502
502 543
542 907
907 542
63 281
281 63
376 878
878 376
989 614
614 989
410 381
381 410
764 109
109 764
717 50
50 717
722 944
944 722
165 547
547 165
312 181
181 312
325 70
70 325
638 95
95 638
180 762
762 180
633 455
455 633
473 852
852 473
671 12
12 671
671 671
376 200
200 376
242 956
956 242
479 25
25 479
751 968
968 751
431 762
762 431
148 53
53 148
186 149
149 186
271 716
716 271
336 495
495 336
229 361
361 229
177 472
472 177
268 968
968 268
100 613
613 100
245 534
534 245
141 557
557 141
709 751
751 709
438 46
46 438
674 521
521 674
702 208
208 702
67 287
287 67
430 356
356 430
638 875
875 638
946 126
126 946
576 483
483 576
183 757
757 183
515 176
176 515
494 904
904 494
932 274
274 932
855 865
865 855
779 217
217 779
827 873
873 827
53 397
397 53
614 140
140 614
475 750
750 475
13 127
127 13
428 941
941 428
931 820
820 931
833 392
392 833
21 973
973 21
37 761
761 37
351 383
383 351
42 533
533 42
967 129
129 967
551 770
770 551
589 427
427 589
352 201
201 352
507 213
213 507
529 764
764 529
822 548
548 822
512 436
436 512
7 432
432 7
743 388
388 743
748 842
842 748
378 674
674 378
70 539
539 70
252 881
881 252
828 18
18 828
865 443
443 865
831 519
519 831
430 485
485 430
588 705
705 588
161 585
585 161
774 226
226 774
433 717
717 433
290 68
68 290
569 472
472 569
461 601
601 461
753 918
918 753
640 653
653 640
785 125
125 785
751 876
876 751
699 49
49 699
175 470
470 175
373 489
489 373
347 86
86 347
933 303
303 933
118 26
26 118
847 302
302 847
271 157
157 271
613 521
521 613
408 660
660 408
383 1
1 383
969 780
780 969
420 227
227 420
264 947
947 264
802 177
177 802
734 305
305 734
734 712
712 734
5 111
111 5
410 303
303 410
853 944
944 853
369 204
204 369
135 266
266 135
353 435
435 353
754 451
451 754
646 483
483 646
40 264
264 40
716 90
90 716
492 698
698 492
80 395
395 80
50 146
146 50
224 399
399 224
283 755
755 283
568 813
813 568
291 134
134 291
296 160
160 296
746 309
309 746
667 464
464 667
290 179
179 290
865 702
702 865
426 984
984 426
472 813
813 472
301 319
319 301
137 470
470 137
588 643
643 588
219 307
307 219
30 15
15 30
253 707
707 253
719 969
969 719
920 380
380 920
698 540
540 698
143 619
619 143
154 485
485 154
736 731
731 736
596 252
252 596
800 312
312 800
833 378
378 833
969 66
66 969
673 411
411 673
98 963
963 98
618 98
98 618
225 647
647 225
915 989
989 915
130 730
730 130
56 960
960 56
744 320
320 744
259 485
485 259
4 885
885 4
840 853
853 840
658 815
815 658
583 405
405 583
873 336
336 873
843 906
906 843
474 652
652 474
46 186
186 46
34 308
308 34
871 956
956 871
762 599
599 762
314 496
496 314
704 165
165 704
355 5
5 355
675 635
635 675
508 479
479 508
53 348
348 53
373 83
83 373
226 819
819 226
752 283
283 752
380 212
212 380
224 889
889 224
803 8
8 803
515 477
477 515
684 869
869 684
926 435
435 926
449 302
302 449
723 405
405 723
570 344
344 570
149 493
493 149
460 577
577 460
730 237
237 730
827 364
364 827
852 125
125 852
278 963
963 278
960 214
214 960
555 588
588 555
576 549
549 576
374 425
425 374
692 695
695 692
650 877
877 650
321 805
805 321
709 72
72 709
30 751
751 30
625 968
968 625
512 881
881 512
670 259
259 670
822 802
802 822
481 986
986 481
61 439
439 61
155 389
389 155
199 720
720 199
909 711
711 909
879 861
861 879
725 173
173 725
30 145
145 30
652 453
453 652
843 582
582 843
256 925
925 256
528 754
754 528
334 101
101 334
500 310
310 500
450 78
78 450
544 296
296 544
765 773
773 765
67 387
387 67
364 252
252 364
540 260
260 540
678 600
600 678
896 997
997 896
192 168
168 192
25 451
451 25
937 367
367 937
229 216
216 229
416 240
240 416
546 556
556 546
458 306
306 458
105 54
54 105
888 888
270 830
830 270
167 583
583 167
96 952
952 96
106 643
643 106
781 399
399 781
913 582
582 913
904 655
655 904
29 530
530 29
561 165
165 561
75 49
49 75
372 83
83 372
849 327
327 849
879 524
524 879
227 510
510 227
928 57
57 928
146 485
485 146
372 789
789 372
330 65
65 330
830 609
609 830
72 73
73 72
345 294
294 345
585 829
829 585
302 834
834 302
335 890
890 335
527 928
928 527
744 940
940 744
978 839
839 978
516 186
186 516
980 839
839 980
704 571
571 704
725 595
595 725
714 723
723 714
253 427
427 253
210 115
115 210
325 963
963 325
700 952
952 700
92 1
1 92
704 77
77 704
497 19
19 497
25 44
44 25
189 336
336 189
983 0
0 983
312 206
206 312
507 533
533 507
273 143
143 273
84 990
990 84
904 501
501 904
348 749
749 348
580 862
862 580
576 874
874 576
624 220
220 624
564 564
228 791
791 228
847 977
977 847
134 438
438 134
688 961
961 688
814 659
659 814
381 388
388 381
612 713
713 612
411 46
46 411
920 677
677 920
841 181
181 841
878 709
709 878
48 591
591 48
652 954
954 652
497 635
635 497
443 150
150 443
420 969
969 420
771 418
418 771
772 520
520 772
358 529
529 358
398 835
835 398
455 123
123 455
175 244
244 175
119 960
960 119
137 866
866 137
450 530
530 450
954 947
947 954
378 383
383 378
685 518
518 685
743 255
255 743
324 180
180 324
940 52
52 940
518 664
664 518
239 412
412 239
617 193
193 617
941 890
890 941
687 390
390 687
278 6
6 278
726 754
754 726
534 803
803 534
472 692
692 472
817 630
630 817
184 913
913 184
196 473
473 196
591 388
388 591
732 254
254 732
205 217
217 205
894 402
402 894
605 511
511 605
5 706
706 5
343 943
943 343
925 560
560 925
842 563
563 842
668 371
371 668
656 931
931 656
983 940
940 983
783 631
631 783
363 310
310 363
867 604
604 867
468 766
766 468
821 228
228 821
460 686
686 460
112 585
585 112
185 61
61 185
112 323
323 112
148 23
23 148
797 766
766 797
349 873
873 349
704 624
624 704
70 632
632 70
804 219
219 804
731 801
801 731
270 837
837 270
319 574
574 319
854 584
584 854
534 0
0 534
42 239
239 42
885 114
114 885
482 239
239 482
447 257
257 447
378 607
607 378
259 332
332 259
782 960
960 782
142 17
17 142
281 489
489 281
605 243
243 605
534 835
835 534
961 601
601 961
496 658
658 496
416 275
275 416
265 610
610 265
206 527
527 206
789 148
148 789
980 558
558 980
880 235
235 880
390 465
465 390
176 813
813 176
254 197
197 254
960 398
398 960
19 309
309 19
694 301
301 694
292 364
364 292
978 291
291 978
466 206
206 466
278 283
283 278
617 823
823 617
822 171
171 822
991 767
767 991
400 731
731 400
543 633
633 543
980 584
584 980
136 46
46 136
99 140
140 99
66 720
720 66
581 764
764 581
641 98
98 641
639 106
106 639
580 963
963 580
317 841
841 317
548 497
497 548
681 773
773 681
279 597
597 279
617 566
566 617
642 4
4 642
821 486
486 821
796 228
228 796
855 385
385 855
329 110
110 329
165 246
246 165
265 838
838 265
224 745
745 224
625 514
514 625
642 519
519 642
184 715
715 184
591 27
27 591
449 558
558 449
182 46
46 182
952 206
206 952
304 538
538 304
428 532
532 428
497 62
62 497
898 94
94 898
967 412
412 967
242 254
254 242
777 470
470 777
798 71
71 798
576 709
709 576
273 935
935 273
148 765
765 148
955 98
98 955
382 926
926 382
413 793
793 413
37 237
237 37
46 809
809 46
433 123
123 433
806 626
626 806
818 733
733 818
341 162
162 341
847 530
530 847
546 230
230 546
276 930
930 276
938 121
121 938
229 378
378 229
982 472
472 982
772 16
16 772
57 538
538 57
583 329
329 583
150 570
570 150
648 104
104 648
57 730
730 57
365 433
433 365
820 654
654 820
663 171
171 663
252 843
843 252
368 110
110 368
88 617
617 88
219 725
725 219
821 451
451 821
988 292
292 988
564 658
658 564
254 573
573 254
36 417
417 36
65 268
268 65
43 488
488 43
582 771
771 582
513 742
742 513
473 816
816 473
864 842
842 864
109 283
283 109
457 58
58 457
126 139
139 126
104 662
662 104
927 440
440 927
318 858
858 318
507 698
698 507
581 355
355 581
540 399
399 540
475 792
792 475
397 403
403 397
589 395
395 589
128 763
763 128
260 597
597 260
596 346
346 596
144 403
403 144
860 979
979 860
341 704
704 341
835 505
505 835
532 115
115 532
469 373
373 469
489 624
624 489
949 184
184 949
981 883
883 981
189 157
157 189
202 74
74 202
340 72
72 340
444 706
706 444
694 62
62 694
930 362
362 930
878 506
506 878
65 581
581 65
296 915
915 296
997 528
528 997
356 877
877 356
520 34
34 520
866 359
359 866
322 23
23 322
913 964
964 913
445 943
943 445
782 376
376 782
408 438
438 408
144 69
69 144
62 788
788 62
534 635
635 534
10 772
772 10
575 169
169 575
236 962
962 236
308 908
908 308
328 33
33 328
187 452
452 187
527 311
311 527
636 167
167 636
207 981
981 207
749 421
421 749
792 730
730 792
616 986
986 616
579 502
502 579
98 626
626 98
437 226
226 437
853 208
208 853
994 721
721 994
867 748
748 867
459 697
697 459
123 360
360 123
715 5
5 715
635 411
411 635
756 330
330 756
849 96
96 849
801 977
977 801
862 81
81 862
39 113
113 39
843 279
279 843
156 589
589 156
589 734
734 589
864 682
682 864
470 102
102 470
180 978
978 180
458 806
806 458
444 888
888 444
707 509
509 707
857 389
389 857
705 786
786 705
94 204
204 94
229 249
249 229
652 1
1 652
824 460
460 824
363 772
772 363
168 881
881 168
877 587
587 877
592 869
869 592
107 388
388 107
495 33
33 495
534 532
532 534
231 778
778 231
872 43
43 872
651 913
913 651
269 352
352 269
223 650
650 223
407 56
56 407
185 951
951 185
359 339
339 359
82 862
862 82
857 10
10 857
739 408
408 739
809 576
576 809
928 857
857 928
296 837
837 296
401 468
468 401
893 672
672 893
251 561
561 251
973 451
451 973
377 609
609 377
350 911
911 350
191 10
10 191
548 518
518 548
473 821
821 473
401 640
640 401
510 768
768 510
306 633
633 306
175 524
524 175
793 822
822 793
968 295
295 968
114 794
794 114
616 431
431 616
950 754
754 950
756 734
734 756
804 623
623 804
978 908
908 978
961 472
472 961
512 946
946 512
819 728
728 819
859 291
291 859
102 107
107 102
455 655
655 455
162 260
260 162
497 727
727 497
768 150
150 768
482 82
82 482
494 555
555 494
294 759
759 294
59 794
794 59
761 739
739 761
16 778
778 16
662 601
601 662
806 833
833 806
121 229
229 121
705 65
65 705
963 677
677 963
192 7
7 192
338 960
960 338
103 317
317 103
592 496
496 592
237 77
77 237
855 827
827 855
425 879
879 425
978 956
956 978
651 59
59 651
668 65
65 668
529 363
363 529
90 677
677 90
993 726
726 993
827 328
328 827
138 267
267 138
21 703
703 21
187 805
805 187
890 486
486 890
216 333
333 216
655 742
742 655
201 264
264 201
501 938
938 501
922 834
834 922
175 927
927 175
855 164
164 855
577 645
645 577
396 897
897 396
147 828
828 147
917 661
661 917
967 377
377 967
489 263
263 489
357 969
969 357
55 152
152 55
640 619
619 640
988 492
492 988
739 318
318 739
403 926
926 403
863 265
265 863
862 151
151 862
755 158
158 755
550 900
900 550
472 974
974 472
690 376
376 690
306 289
289 306
658 61
61 658
568 555
555 568
366 278
278 366
252 937
937 252
906 531
531 906
883 770
770 883
194 555
555 194
938 363
363 938
424 258
258 424
241 470
470 241
33 882
882 33
966 765
765 966
906 808
808 906
827 589
589 827
791 383
383 791
279 679
679 279
845 350
350 845
961 926
926 961
923 183
183 923
952 125
125 952
673 926
926 673
358 330
330 358
268 984
984 268
962 109
109 962
549 431
431 549
134 836
836 134
256 776
776 256
95 803
803 95
649 557
557 649
451 663
663 451
146 523
523 146
252 203
203 252
924 844
844 924
594 11
11 594
439 241
241 439
306 116
116 306
797 107
107 797
524 636
636 524
497 921
921 497
844 832
832 844
627 681
681 627
834 847
847 834
544 9
9 544
94 185
185 94
831 120
120 831
533 394
394 533
674 9
9 674
779 834
834 779
77 64
64 77
60 119
119 60
400 950
950 400
669 308
308 669
124 18
18 124
39 149
149 39
252 459
459 252
305 728
728 305
712 618
618 712
36 465
465 36
689 404
404 689
658 915
915 658
750 408
408 750
180 319
319 180
707 912
912 707
441 787
787 441
328 689
689 328
558 433
433 558
860 725
725 860
431 676
676 431
11 525
525 11
723 526
526 723
969 944
944 969
933 371
371 933
814 805
805 814
682 55
55 682
973 313
313 973
145 673
673 145
405 144
144 405
369 991
991 369
770 349
349 770
601 212
212 601
576 251
251 576
820 562
562 820
901 872
872 901
867 987
987 867
186 359
359 186
453 163
163 453
681 132
132 681
945 805
805 945
475 808
808 475
505 901
901 505
229 386
386 229
814 14
14 814
543 884
884 543
27 716
716 27
355 440
440 355
906 661
661 906
924 510
510 924
950 717
717 950
124 370
370 124
470 942
942 470
937 695
695 937
868 613
613 868
859 982
982 859
992 273
273 992
198 564
564 198
516 962
962 516
844 699
699 844
982 189
189 982
437 806
806 437
19 16
16 19
844 151
151 844
631 746
746 631
453 792
792 453
238 170
170 238
181 228
228 181
681 104
104 681
337 562
562 337
964 534
534 964
517 200
200 517
154 561
561 154
892 754
754 892
517 791
791 517
924 944
944 924
816 225
225 816
528 760
760 528
280 317
317 280
351 453
453 351
97 785
785 97
64 122
122 64
160 67
67 160
743 821
821 743
91 970
970 91
883 411
411 883
624 282
282 624
734 448
448 734
672 236
236 672
652 457
457 652
124 90
90 124
634 839
839 634
822 509
509 822
975 13
13 975
642 420
420 642
948 363
363 948
753 884
884 753
465 178
178 465
470 395
395 470
40 86
86 40
818 70
70 818
662 546
546 662
908 512
512 908
319 534
534 319
490 80
80 490
88 43
43 88
664 893
893 664
329 6
6 329
151 224
224 151
300 651
651 300
92 730
730 92
179 670
670 179
22 519
519 22
658 739
739 658
816 555
555 816
977 276
276 977
196 565
565 196
639 53
53 639
428 88
88 428
931 309
309 931
189 440
440 189
522 562
562 522
332 905
905 332
699 859
859 699
555 458
458 555
27 246
246 27
95 389
389 95
994 88
88 994
891 991
991 891
524 388
388 524
854 579
579 854
718 935
935 718
102 811
811 102
846 99
99 846
254 276
276 254
578 62
62 578
292 990
990 292
461 651
651 461
207 617
617 207
338 117
117 338
820 798
798 820
184 358
358 184
528 731
731 528
181 807
807 181
571 551
551 571
161 437
437 161
564 542
542 564
454 609
609 454
722 587
587 722
460 520
520 460
58 600
600 58
605 279
279 605
880 964
964 880
953 104
104 953
927 343
343 927
880 274
274 880
652 406
406 652
568 56
56 568
394 359
359 394
406 370
370 406
630 39
39 630
527 702
702 527
114 140
140 114
498 749
749 498
536 851
851 536
928 620
620 928
156 818
818 156
58 220
220 58
193 905
905 193
478 563
563 478
777 76
76 777
879 227
227 879
671 886
886 671
784 157
157 784
974 398
398 974
214 362
362 214
180 89
89 180
889 19
19 889
72 902
902 72
164 739
739 164
466 204
204 466
568 75
75 568
414 259
259 414
117 834
834 117
348 348
863 489
489 863
881 843
843 881
592 554
554 592
159 300
300 159
31 227
227 31
356 341
341 356
775 138
138 775
637 565
565 637
439 67
67 439
928 39
39 928
148 290
290 148
97 573
573 97
507 803
803 507
813 411
411 813
769 950
950 769
808 625
625 808
534 725
725 534
481 336
336 481
496 335
335 496
859 771
771 859
871 937
937 871
428 430
430 428
438 848
848 438
819 50
50 819
906 309
309 906
200 572
572 200
748 142
142 748
746 19
19 746
46 355
355 46
487 620
620 487
458 405
405 458
533 150
150 533
603 911
911 603
84 103
103 84
570 592
592 570
179 376
376 179
419 803
803 419
355 972
972 355
145 77
77 145
364 964
964 364
591 719
719 591
43 499
499 43
424 961
961 424
977 338
338 977
590 477
477 590
289 504
504 289
284 251
251 284
479 977
977 479
591 278
278 591
826 527
527 826
764 716
716 764
479 314
314 479
129 824
824 129
153 944
944 153
787 773
773 787
873 968
968 873
991 522
522 991
28 739
739 28
361 33
33 361
725 641
641 725
934 745
745 934
513 93
93 513
302 675
675 302
91 168
168 91
324 378
378 324
381 866
866 381
250 837
837 250
199 874
874 199
239 729
729 239
369 600
600 369
808 33
33 808
551 816
816 551
603 321
321 603
513 762
762 513
222 739
739 222
615 557
557 615
552 185
185 552
593 18
18 593
203 386
386 203
11 454
454 11
733 985
985 733
619 408
408 619
392 6
6 392
717 153
153 717
322 154
154 322
499 632
632 499
663 125
125 663
833 900
900 833
194 696
696 194
489 980
980 489
162 329
329 162
946 584
584 946
762 823
823 762
314 65
65 314
244 180
180 244
670 853
853 670
718 915
915 718
866 822
822 866
413 142
142 413
424 596
596 424
603 359
359 603
240 983
983 240
893 427
427 893
351 692
692 351
824 506
506 824
897 30
30 897
292 404
404 292
39 34
34 39
646 568
568 646
692 652
652 692
909 141
141 909
913 748
748 913
258 11
11 258
487 51
51 487
272 892
892 272
377 802
802 377
889 878
878 889
929 887
887 929
713 551
551 713
356 164
164 356
955 687
687 955
623 462
462 623
783 379
379 783
496 856
856 496
904 951
951 904
450 297
297 450
584 593
593 584
69 145
145 69
168 340
340 168
205 773
773 205
234 4
4 234
653 489
489 653
514 161
161 514
689 867
867 689
638 804
804 638
938 357
357 938
785 319
319 785
690 226
226 690
125 795
795 125
227 107
107 227
555 416
416 555
988 426
426 988
352 592
592 352
294 751
751 294
709 784
784 709
718 373
373 718
346 582
582 346
929 951
951 929
34 133
133 34
948 622
622 948
689 629
629 689
218 99
99 218
12 92
92 12
511 264
264 511
902 842
842 902
20 372
372 20
112 97
97 112
218 818
818 218
16 227
227 16
136 921
921 136
866 938
938 866
157 853
853 157
86 565
565 86
10 202
202 10
389 739
739 389
192 991
991 192
846 605
605 846
418 926
926 418
198 888
888 198
413 260
260 413
80 29
29 80
848 866
866 848
764 346
346 764
260 249
249 260
364 111
111 364
934 806
806 934
997 26
26 997
755 750
750 755
471 364
364 471
13 447
447 13
81 308
308 81
875 163
163 875
650 28
28 650
525 506
506 525
678 292
292 678
620 127
127 620
814 876
876 814
841 837
837 841
90 290
290 90
89 739
739 89
304 761
761 304
838 278
278 838
804 385
385 804
994 820
820 994
850 668
668 850
454 833
833 454
875 965
965 875
178 771
771 178
153 684
684 153
216 735
735 216
820 753
753 820
570 72
72 570
491 806
806 491
992 120
120 992
185 917
917 185
659 181
181 659
274 273
273 274
142 320
320 142
470 596
596 470
358 264
264 358
34 705
705 34
656 10
10 656
837 786
786 837
252 848
848 252
698 69
69 698
683 406
406 683
74 354
354 74
919 550
550 919
190 765
765 190
786 998
998 786
393 874
874 393
634 933
933 634
8 272
272 8
558 601
601 558
823 857
857 823
301 557
557 301
326 951
951 326
701 114
114 701
97 560
560 97
234 705
705 234
553 144
144 553
422 116
116 422
233 253
253 233
107 920
920 107
353 591
591 353
130 705
705 130
809 360
360 809
871 160
160 871
71 722
722 71
1 565
565 1
227 650
650 227
24 840
840 24
768 126
126 768
80 122
122 80
653 805
805 653
453 629
629 453
530 81
81 530
444 248
248 444
452 517
517 452
699 755
755 699
165 638
638 165
248 231
231 248
727 595
595 727
747 965
965 747
79 540
540 79
42 374
374 42
558 669
669 558
477 903
903 477
120 581
581 120
348 106
106 348
173 984
984 173
267 548
548 267
138 500
500 138
175 728
728 175
915 623
623 915
708 553
553 708
23 246
246 23
400 589
589 400
402 792
792 402
112 172
172 112
379 114
114 379
42 112
112 42
762 78
78 762
70 861
861 70
604 541
541 604
128 870
870 128
169 593
593 169
581 180
180 581
371 699
699 371
93 227
227 93
420 18
18 420
50 456
456 50
832 489
489 832
351 312
312 351
268 888
888 268
500 327
327 500
468 176
176 468
727 58
58 727
942 155
155 942
786 59
59 786
429 314
314 429
124 374
374 124
494 837
837 494
383 429
429 383
664 220
220 664
217 702
702 217
699 885
885 699
751 360
360 751
64 585
585 64
279 272
272 279
727 758
758 727
592 715
715 592
40 801
801 40
401 993
993 401
866 523
523 866
237 216
216 237
913 33
33 913
798 106
106 798
894 675
675 894
962 995
995 962
105 921
921 105
647 48
48 647
670 797
797 670
627 583
583 627
424 366
366 424
994 356
356 994
875 513
513 875
332 670
670 332
721 408
408 721
333 693
693 333
435 390
390 435
563 141
141 563
982 1
1 982
789 665
665 789
87 645
645 87
465 388
388 465
623 283
283 623
167 805
805 167
111 543
543 111
44 243
243 44
173 818
818 173
569 499
499 569
528 880
880 528
340 400
400 340
701 127
127 701
384 486
486 384
341 268
268 341
559 715
715 559
357 506
506 357
8 962
962 8
496 779
779 496
900 605
605 900
733 591
591 733
346 526
526 346
559 177
177 559
364 90
90 364
519 617
617 519
821 64
64 821
612 101
101 612
661 388
388 661
963 959
959 963
260 979
979 260
47 355
355 47
723 451
451 723
448 605
605 448
478 375
375 478
234 211
211 234
322 790
790 322
598 923
923 598
147 748
748 147
54 175
175 54
568 206
206 568
121 251
251 121
748 942
942 748
894 293
293 894
893 963
963 893
7 619
619 7
998 536
536 998
518 921
921 518
558 377
377 558
867 894
894 867
78 954
954 78
699 988
988 699
855 308
308 855
294 30
30 294
465 689
689 465
954 912
912 954
334 788
788 334
391 53
53 391
857 796
796 857
606 781
781 606
557 154
154 557
711 514
514 711
368 615
615 368
213 785
785 213
271 677
677 271
364 770
770 364
880 160
160 880
97 613
613 97
507 133
133 507
395 440
440 395
647 863
863 647
827 203
203 827
9 94
94 9
284 210
210 284
144 465
465 144
63 762
762 63
771 86
86 771
336 923
923 336
242 184
184 242
620 240
240 620
94 508
508 94
759 787
787 759
324 184
184 324
32 174
174 32
690 778
778 690
546 724
724 546
400 166
166 400
133 694
694 133
326 508
508 326
505 273
273 505
330 3
3 330
641 806
806 641
614 602
602 614
998 793
793 998
823 173
173 823
371 322
322 371
512 155
155 512
345 138
138 345
103 40
40 103
879 825
825 879
62 110
110 62
519 366
366 519
919 338
338 919
361 605
605 361
953 642
642 953
596 734
734 596
679 347
347 679
909 91
91 909
867 953
953 867
172 722
722 172
185 238
238 185
350 516
516 350
406 223
223 406
212 245
245 212
590 286
286 590
628 679
679 628
211 219
219 211
483 275
275 483
887 276
276 887
240 393
393 240
840 181
181 840
577 637
637 577
642 165
165 642
245 253
253 245
271 150
150 271
867 157
157 867
640 823
823 640
759 2
2 759
959 695
695 959
125 116
116 125
784 958
958 784
51 310
310 51
105 999
999 105
135 689
689 135
607 592
592 607
66 896
896 66
481 791
791 481
397 169
169 397
939 769
769 939
581 47
47 581
0 566
566 0
723 440
440 723
418 471
471 418
39 387
387 39
460 481
481 460
315 191
191 315
150 124
124 150
609 881
881 609
129 267
267 129
531 642
642 531
29 555
555 29
646 679
679 646
83 971
971 83
675 848
848 675
426 590
590 426
62 190
190 62
113 78
78 113
115 218
218 115
235 611
611 235